1.0,C1030911000309,A1000111000029,TOSS,2001,20120925000000000101,20120925000000000101,20120925
C1030911000309,兴业银行股份有限公司北京分行,20120925,09250001
ORGINFO,95001,北京密云支行
1,1,1,9558800200133774287,20120901,202100,,2021,,,,1000.00,1000.00,1,
2,2,1,9558800200133774287,20120901,202100,,2021,,,1000.00,,,1,
ORGINFO,95002,北京顺义支行
3,3,1,9558800200133774288,20120901,202100,,2021,,,,100,300,1,
4,4,1,9558800200133774288,20120901,202100,,2021,,,,600,900,1,
5,5,1,0558800200133774289,20120901,202100,,2021,202101,,,1001,1003,1,
6,6,1,0558800200133774289,20120901,202100,,2021,,,1003.00,,,1,
